244836
244833
244832
243639
241562
241378
239469
239295
238911
237839
237365
237073
235827
235781
235480
234621
233476
233394
233326
233142
231533
231357
230611
230516
230504
230256
228944
227567
226400
226247
225998
225677
223590
223255
222964
222721
222454
221556
221244
218986
218771
217889
217811
217480
217187
217114
217033
216978
214299
213782
213528
213496
213422
213389
213124
213123
210855
209690
209616
209380
209375
209199
209139
208834
208793
208467
207828
207792
207727
207681
207566
207550
207224
207156
205926
205775
205731
204331
204205
204033
204018
203912
203345
203316
203313
203200
203014
203012
202898
202672
202514
202409
202240
202000
201959
201232
200877
200875
200577
200124
194908
194141
193926
193924
193923
193921
193901
193661
193561
193532
193497
193427
193418
193385
193281
193121
193114
193110
192995
192969
192959
192853
192763
192738
192703
192497
192320
192051
191999
191339
191247
191246
190565
190207
189881
189829
189794
189785
189685
189316
189245
189076
188993
188925
188798
188501
188342
188313
188176
188057
187703
187692
187670
187649
184976
183996
179150
177763
173681
192598
201671
225939
202159
182611
202745
235262
203133
213788
241272
222539
203582
191480
231070
201802
185337
217490
217413
228926
234162
203315
203718
194183
204107
201587
202731
212836
202309
223576
202228
233898
202829
204601
187492
202513
226321
221559
201969
237948
203831
204082
238616
221994
234674
202296
203911
203024
202380
203028
214198
179616
202307
215115
230801
200239
204024
212655
205200
202910
234172
193398
202982
202703
237007
192016
203110
214243
202317
221895
228640
241481
202295
213535
233220
213534
213590
242015
217482
203210
204010
217662
203091
239302
238003
201596
193064
234260
230509
202814
209138
202949
201734
191970
204109
192348
241870
239431
202231
201856
203194
202246
205295
204535
217040
233550
192685
202669
203021
229707
212567
222746
204406
209688
203462
202185